***FOLLOWING DATA***1, 4.126367092132568
2, 3.976198673248291
3, 4.244613170623779
4, 4.638713359832764
5, 4.694258689880371
6, 5.001778841018677
7, 5.330288648605347
8, 5.374152660369873
9, 5.697988748550415
10, 5.951997756958008
11, 6.063035726547241
12, 6.365023136138916
13, 6.703080654144287
14, 7.003064870834351
15, 7.263123512268066
16, 7.683935880661011
17, 8.094195127487183
18, 8.143924474716187
19, 8.639556407928467
20, 8.886044263839722
21, 9.438850164413452
22, 9.736599683761597
23, 9.927798748016357
24, 10.331504583358765
25, 10.718092203140259
26, 11.043070793151855
27, 11.572059392929077
28, 11.22294807434082
------
1
2
3
4
5
6
7
8
9
10
11
12
13
14
15
16
17
18
19
20
21
22
23
24
25
26
27
28
------
4.126367092132568
3.976198673248291
4.244613170623779
4.638713359832764
4.694258689880371
5.001778841018677
5.330288648605347
5.374152660369873
5.697988748550415
5.951997756958008
6.063035726547241
6.365023136138916
6.703080654144287
7.003064870834351
7.263123512268066
7.683935880661011
8.094195127487183
8.143924474716187
8.639556407928467
8.886044263839722
9.438850164413452
9.736599683761597
9.927798748016357
10.331504583358765
10.718092203140259
11.043070793151855
11.572059392929077
11.22294807434082
***FOLLOWERS DATA***1, 3.973628282546997
2, 4.066924333572388
3, 4.169034719467163
4, 4.4425413608551025
5, 4.705528259277344
6, 4.905962705612183
7, 5.187069416046143
8, 5.735717535018921
9, 5.521907806396484
10, 5.7580955028533936
11, 6.3252036571502686
12, 7.041884422302246
13, 6.703657388687134
14, 7.126117944717407
15, 8.428820133209229
16, 7.859128475189209
17, 8.026528358459473
18, 8.706870555877686
19, 8.832518815994263
20, 9.141351699829102
21, 9.553172826766968
22, 9.923238039016724
23, 10.665818452835083
24, 10.348665237426758
25, 10.992987871170044
26, 10.611824035644531
------
1
2
3
4
5
6
7
8
9
10
11
12
13
14
15
16
17
18
19
20
21
22
23
24
25
26
------
3.973628282546997
4.066924333572388
4.169034719467163
4.4425413608551025
4.705528259277344
4.905962705612183
5.187069416046143
5.735717535018921
5.521907806396484
5.7580955028533936
6.3252036571502686
7.041884422302246
6.703657388687134
7.126117944717407
8.428820133209229
7.859128475189209
8.026528358459473
8.706870555877686
8.832518815994263
9.141351699829102
9.553172826766968
9.923238039016724
10.665818452835083
10.348665237426758
10.992987871170044
10.611824035644531
